=== ОГЛЯД СИМУЛЯЦІЇ ===

Годин розрахунку: 8760

Показник: T_out_C
  Мін: -21.19
  Макс: 32.50
  Середнє: 9.71

Показник: T_in_C
  Мін: -2.04
  Макс: 34.90
  Середнє: 17.87

Показник: CO2_ppm
  Мін: 400.00
  Макс: 935.48
  Середнє: 523.53

=== ДАНІ (ТІЛЬКИ КОЖЕН 24-й КРОК ДЛЯ ОГЛЯДУ) ===
      T_out_C     T_in_C     CO2_ppm
0     -7.0500   4.635330  403.975599
24    -3.9250   4.541232  403.985436
48    -9.5500   4.246181  404.097327
72    -7.6625   2.377756  400.000000
96    -4.5500   2.239685  400.000000
120  -15.8000   2.102011  404.258682
144  -18.8750  -0.260621  404.556617
168  -10.4125  -1.861037  404.559672
192  -12.1000  -0.623692  404.193181
216   -3.0000   0.340337  403.740527
240   -6.9500   3.403158  400.000000
264   -3.8500   3.799633  400.000000
288   -4.5000   5.039217  404.014069
312   -4.5875   5.534607  404.045611
336    1.7375   6.957828  403.902584
360    1.0375   8.465868  403.650677
384   -0.8500   8.882903  403.584312
408   -4.7000   8.166456  400.000000
432   -4.0375   6.404531  400.000000
456   -4.1500   6.568752  403.858389
480   -2.1875   7.492293  403.759906
504   -1.3000   8.192581  403.517154
528    1.4250   8.259823  403.508477
552   -0.2250   9.383745  403.439625
576    2.3375   9.085902  400.000000
600    0.6750  10.411596  400.000000
624    0.1375  10.066746  403.496995
648    0.7250   9.221898  403.672257
672    1.1500   9.635686  403.659606
696   -0.9625   9.952520  403.301738
720   -0.8875   9.877700  403.529559
744   -0.1500   9.409638  400.000000
768    0.8375   9.252025  400.000000
792    0.4750   9.528114  403.555503
816   -1.4250   9.827483  403.583298
840   -4.6625   9.278599  403.582200
864   -3.1000   8.242594  403.976786
888   -4.9000   8.168393  404.117813
912   -7.2125   7.798567  400.000000
936   -6.0125   6.527702  400.000000
960   -4.7000   6.546055  404.441056
984   -1.1000   7.645035  404.127972
1008   0.9250   8.888484  403.547360
1032  -1.8500  10.388561  403.808328
1056   2.7625   9.346385  403.748331
1080   1.2000  10.661876  400.000000
1104   0.9125  11.405197  400.000000
1128  -0.4125   9.980177  403.759367
1152   0.2625  10.098639  403.696410
1176   3.5375  11.752144  403.189883
1200   0.9000  12.189935  403.271967
1224   1.3750  11.558587  403.078000
1248   0.7250  12.207508  400.000000
1272  -3.4750  10.613849  400.000000
1296  -4.2375  10.102428  403.885493
1320   2.8000  10.291018  403.414037
1344   2.2250  12.903480  403.020928
1368   2.6250  13.036696  403.375297
1392  -2.1875  12.747902  403.464061
1416   0.3625  11.078066  400.000000
1440   1.4625   9.568931  400.000000
1464   2.1875  10.449678  403.153339
1488  -0.1000  12.844237  403.388179
1512   3.9875  14.360173  403.087476
1536   0.0375  13.173931  403.257307
1560  -2.7750  11.384292  403.366103
1584   1.5750   9.429143  400.000000
1608  -5.2500  10.114669  400.000000
1632  -5.4750   8.663465  403.742013
1656  -5.7750   9.216837  403.793866
1680  -3.1875   9.462862  403.673876
1704  -0.6375   8.742539  403.549446
1728   3.1000  12.130350  403.301631
1752   3.9625  13.755773  400.000000
1776   3.4250  13.503473  400.000000
1800   2.2125  15.809794  402.972409
1824   2.4250  15.241938  403.079164
1848   1.6500  14.747912  403.087499
1872   0.0750  12.145920  403.379107
1896  -0.6625  12.331250  403.351098
1920   0.3500  11.463835  400.000000
1944   0.2000  11.794354  400.000000
1968  -0.3000  12.017982  403.217557
1992  -0.5875  12.464199  403.323601
2016  -0.5500  14.241712  403.377204
2040   5.4125  16.220203  403.189899
2064   3.0375  18.000000  402.569935
2088   5.7375  18.000000  400.000000
2112   6.3750  18.000000  400.000000
2136   7.1500  18.000000  402.582790
2160   8.5875  17.370287  402.518673
2184   2.6500  18.000000  402.290214
2208   1.8500  18.000000  402.500414
2232   1.7000  18.000000  402.599663
2256   0.5250  18.000000  400.000000
2280   4.4250  18.000000  400.000000
2304   7.6000  18.000000  402.563966
2328  11.8125  18.209290  402.943203
2352  13.3000  20.301241  402.218399
2376  11.0000  18.000000  403.344655
2400  11.4125  18.253827  402.714297
2424   8.0750  18.000000  400.000000
2448   4.9625  17.261184  400.000000
2472   4.2500  16.931348  402.998061
2496   2.8000  17.148667  402.213338
2520   3.2250  16.912656  402.656170
2544   8.0000  16.008071  402.874953
2568   6.9750  16.965700  402.473253
2592   7.2375  18.000000  400.000000
2616   2.9000  18.000000  400.000000
2640   6.2375  18.000000  402.612038
2664   6.8625  18.000000  403.090255
2688   6.2625  18.260472  403.436691
2712   7.5250  19.339392  403.397841
2736  10.7250  20.900695  402.306365
2760   9.8875  21.526276  400.000000
2784  14.9625  22.528490  400.000000
2808  15.7375  23.471854  401.985374
2832  14.3750  22.909151  402.002059
2856   8.1500  20.274819  402.819704
2880   6.5875  18.000000  402.810013
2904  10.1625  18.000000  402.944946
2928  12.2250  19.290578  400.000000
2952  10.5250  18.000000  400.000000
2976  10.1625  18.000000  402.563414
3000   7.6875  18.000000  403.453653
3024  14.6625  19.241696  402.307081
3048  10.0750  18.000000  403.340830
3072   9.4500  18.000000  402.076252
3096  13.3375  18.141382  400.000000
3120   9.9125  19.983752  400.000000
3144  14.3000  22.279059  403.059855
3168  12.0250  23.483386  402.926757
3192  11.6000  23.171242  402.723678
3216  10.0375  20.603470  402.910856
3240  11.3000  18.000829  402.915554
3264   9.4500  18.000000  400.000000
3288  11.5625  18.706609  400.000000
3312   9.9750  18.000014  403.008818
3336  12.5750  19.651337  402.301348
3360  19.3750  23.597993  402.054949
3384  17.3500  26.841163  402.721897
3408  17.3250  29.091813  402.621509
3432  20.2250  29.833898  400.000000
3456  17.8625  30.325493  400.000000
3480  18.7875  29.245942  402.472355
3504  16.9250  29.521889  402.402669
3528  16.4250  22.946347  402.695559
3552  12.1125  21.262823  402.673959
3576  14.3750  18.217276  403.164462
3600  12.7125  19.809766  400.000000
3624  14.8875  20.445557  400.000000
3648  11.9750  22.534423  402.185825
3672  19.1125  25.163592  401.983183
3696  18.6750  23.154178  401.933840
3720  18.2875  25.852015  402.457406
3744  18.1875  27.830604  402.171654
3768  10.9375  26.520402  400.000000
3792  13.2625  25.499037  400.000000
3816  17.1250  26.749828  401.858672
3840  18.6750  29.047532  402.236309
3864  15.8625  29.507254  402.554661
3888  20.1500  30.177712  402.498619
3912  20.5625  30.253349  402.028716
3936  18.8625  28.614945  400.000000
3960  17.9250  29.508105  400.000000
3984  19.3000  28.692544  402.095017
4008  21.3000  27.901941  402.154097
4032  20.1625  29.383282  402.179693
4056  18.4625  31.291592  402.101562
4080  21.9375  27.793417  402.443382
4104  19.3500  28.714331  400.000000
4128  21.6000  30.698966  400.000000
4152  15.3750  28.339452  402.202097
4176  11.1500  22.691345  402.572681
4200  10.4250  20.955019  402.127853
4224  15.0875  22.499963  402.103205
4248  18.4500  24.080376  401.996950
4272  20.0000  24.333668  400.000000
4296  22.3375  23.103015  400.000000
4320  21.3000  22.857207  402.368566
4344  17.9125  21.994623  402.611558
4368  15.7875  24.089908  402.304745
4392  14.4250  20.004023  403.058474
4416  16.1125  22.374920  402.575519
4440  14.9875  19.729819  400.000000
4464  15.5375  22.419826  400.000000
4488  17.6875  25.814645  402.521918
4512  19.2000  27.089185  402.699515
4536  19.3375  26.439956  402.575172
4560  19.1875  22.870259  402.675149
4584  16.0500  21.824403  401.993604
4608  19.1125  21.875984  400.000000
4632  19.1125  23.702603  400.000000
4656  19.4500  26.218529  402.365938
4680  19.6750  28.405444  402.232299
4704  18.7500  30.165661  402.182544
4728  22.6375  31.196980  402.056711
4752  22.8250  32.396688  401.978954
4776  19.7500  27.296739  400.000000
4800  17.6000  25.688253  400.000000
4824  18.6375  26.535331  402.336329
4848  15.7875  24.544565  402.380197
4872  18.3000  25.024433  402.452021
4896  18.6375  25.581443  402.346666
4920  19.8250  27.593700  402.258354
4944  20.4875  29.168117  400.000000
4968  17.9875  30.222356  400.000000
4992  22.8625  31.389982  402.162485
5016  19.8625  32.424522  402.072961
5040  17.6875  32.644793  402.398705
5064  20.9375  32.923397  402.071302
5088  18.6625  33.072663  402.321957
5112  16.6000  30.586794  400.000000
5136  15.7000  27.698388  400.000000
5160  13.9125  24.637872  402.499818
5184  16.7125  25.963547  402.488012
5208  19.6375  28.256520  402.362018
5232  18.8750  30.473434  402.216571
5256  19.0625  32.037947  402.133596
5280  23.3750  32.410218  400.000000
5304  18.5750  31.807092  400.000000
5328  18.9000  31.139534  402.128882
5352  17.6750  28.966997  402.165481
5376  19.4125  26.924123  402.623621
5400  12.7500  25.401238  402.383038
5424  13.4625  24.159554  402.564109
5448  11.2750  23.561237  400.000000
5472  11.9625  23.911698  400.000000
5496  15.4125  25.754884  402.517337
5520  14.7500  27.641092  402.388408
5544  18.1125  29.439449  402.285687
5568  18.2500  30.841485  402.170588
5592  21.0875  31.747949  402.050282
5616  19.4500  30.275362  400.000000
5640  16.6375  26.771735  400.000000
5664  21.0000  27.974259  402.345823
5688  19.8875  26.836591  402.539803
5712  16.1500  24.363132  401.817790
5736  18.3000  24.906952  402.495188
5760  15.3750  24.180718  402.542866
5784  13.3875  21.961290  400.000000
5808  21.1750  24.113470  400.000000
5832  16.5125  27.500672  402.354619
5856  11.9625  24.879236  402.851500
5880  13.7125  24.408756  402.599203
5904  15.3875  25.304589  402.527943
5928  14.1375  26.085724  402.431749
5952  17.5000  26.377587  400.000000
5976  20.0875  27.310180  400.000000
6000  16.2750  27.898053  402.299447
6024  12.2000  27.738331  402.362585
6048  14.3625  27.147378  402.374252
6072  14.3500  26.416275  402.767389
6096  15.9750  25.851213  402.848272
6120  16.6125  26.395465  400.000000
6144  16.7250  27.359284  400.000000
6168  15.1500  27.776995  402.226792
6192  10.0625  25.762440  401.834156
6216   9.1500  23.706650  402.027537
6240  13.6750  23.532301  402.019299
6264  10.7125  23.066190  401.990068
6288   8.1125  20.694199  400.000000
6312   7.6750  19.155185  400.000000
6336   9.9625  18.000000  403.211031
6360   8.1875  18.000000  402.448359
6384   6.6375  18.000000  402.405061
6408   7.7875  17.131258  402.519637
6432  10.8500  18.000000  402.537487
6456   9.7750  18.000000  400.000000
6480   8.9000  17.620134  400.000000
6504   8.0500  18.000000  402.490480
6528  11.2250  18.000000  402.491462
6552   4.6000  18.000000  402.442459
6576  14.0375  18.000000  402.418062
6600   5.2625  17.428938  402.483789
6624   6.9125  17.644317  400.000000
6648  11.7000  18.000000  400.000000
6672   7.6000  18.000000  402.947156
6696   4.3250  18.000000  402.594961
6720  14.7000  18.000000  402.420109
6744  18.0000  18.945864  402.176034
6768   6.0250  18.000000  403.275488
6792   8.4750  18.000000  400.000000
6816  14.8125  18.000000  400.000000
6840   9.8875  18.000000  402.437878
6864  17.7375  18.000000  402.037230
6888   3.3125  16.683587  402.437867
6912   4.1875  16.605970  403.116249
6936   3.2250  14.550228  403.238975
6960   2.4125  15.170225  400.000000
6984   3.6750  15.677262  400.000000
7008   5.5875  16.621131  403.167532
7032  10.7750  15.812883  403.066519
7056   7.3000  17.185675  402.542796
7080   7.0750  17.870594  402.505137
7104  14.0375  17.999816  402.407707
7128   8.0000  18.000000  400.000000
7152   6.1500  18.000000  400.000000
7176   6.0125  18.000000  402.482645
7200   7.7750  17.830357  402.477816
7224   6.0375  17.379940  402.178195
7248   4.9250  15.390094  402.956753
7272  -0.9500  14.389106  403.284868
7296  12.1625  12.077394  400.000000
7320   9.2375  14.950240  400.000000
7344   5.1500  17.403688  402.407662
7368   8.9500  18.000000  402.430706
7392  14.7000  18.000000  402.112468
7416  11.5750  18.000000  402.257703
7440  10.5125  18.000000  402.380867
7464   7.4375  18.000000  400.000000
7488   7.1750  17.107930  400.000000
7512   2.3750  16.912070  402.508270
7536   7.3000  16.794476  403.049670
7560   8.6000  16.155973  402.880523
7584   6.8750  16.096513  402.665644
7608   3.3375  16.138266  402.966349
7632   7.7625  13.863507  400.000000
7656   7.7000  15.676272  400.000000
7680   1.9625  15.301522  402.936714
7704   1.8375  13.899982  403.379434
7728  -1.3000  13.064986  403.410068
7752  -3.0000  11.366883  403.520477
7776  -1.8875  10.295388  403.552499
7800  -1.1625   8.993748  400.000000
7824  -5.5250   7.887476  400.000000
7848   2.8875   6.897098  403.205856
7872   0.6875   9.254771  403.046007
7896  -1.1375   9.512569  403.418442
7920  -2.1250   8.665099  402.850305
7944  -5.3125   7.350325  403.283897
7968   0.4375   7.232487  400.000000
7992  -3.3875   7.566044  400.000000
8016  -1.9000   7.646817  403.738817
8040  -0.6625   8.115559  403.650537
8064  -1.1750   8.198928  403.575790
8088  -2.7875   8.463891  403.537540
8112  -2.9250   7.939237  403.927435
8136  -3.1000   6.866972  400.000000
8160  -6.0750   6.756659  400.000000
8184  -4.1750   5.267295  404.230155
8208  -3.2000   5.863506  404.183058
8232  -3.8625   6.531521  404.118162
8256  -1.3375   6.815419  404.021626
8280  -1.7250   7.236352  403.759590
8304  -0.9375   6.980612  400.000000
8328   0.3125   7.836265  400.000000
8352  -3.1625   7.834226  403.539744
8376  -1.5625   7.699435  404.063857
8400   1.5625   8.422412  404.043361
8424   3.8000   9.689419  403.753605
8448   4.6000  11.090592  403.663743
8472   6.0500  11.573039  400.000000
8496   3.9125  12.630888  400.000000
8520   1.4250  12.574378  403.071285
8544   0.3625  11.379470  402.920433
8568  -0.6375  10.482099  403.021818
8592  -0.5375   9.687868  403.437080
8616   5.9125  10.399156  403.235848
8640   9.0625  12.203565  400.000000
8664   1.9000  13.030977  400.000000
8688   4.1250  12.151587  403.480357
8712   5.3500  12.838296  403.329077
8736   5.2625  13.686213  403.100848